--- Running the script: builder.py ---
python3 builder.py \
	./knngraphs/mnistivfflat100.txt \
	-i ./Data/MNIST/train-images-100.idx3-ubyte \
	--type MNIST \
	-m 10 \
	--layers 3 \
	--nodes 512 \
	--lr 0.001 \
	--epochs 10 \
	--batch_size 32
The specified dataset type is: MNIST
Loading IDX image file: ./Data/MNIST/train-images-100.idx3-ubyte
Found 100 images, each 28x28.
With dimension: 784.
Successfully extracted vectors.
Parsed 100 queries. Building adjacency...
{(0, 49): 1, (0, 70): 1, (0, 74): 1, (0, 10): 1, (1, 21): 2, (1, 37): 1, (1, 95): 1, (1, 81): 1, (1, 51): 1, (1, 56): 1, (1, 63): 1, (1, 88): 1, (2, 92): 2, (2, 9): 1, (2, 18): 1, (2, 89): 1, (2, 20): 1, (2, 60): 1, (3, 23): 2, (3, 59): 2, (3, 77): 2, (3, 99): 2, (3, 46): 1, (3, 61): 1, (4, 45): 2, (4, 57): 1, (4, 96): 1, (4, 42): 1, (4, 58): 1, (5, 22): 1, (5, 57): 1, (5, 43): 1, (5, 33): 1, (6, 8): 2, (6, 14): 2, (6, 72): 1, (6, 40): 1, (6, 30): 1, (6, 48): 1, (6, 70): 1, (7, 49): 2, (7, 27): 2, (7, 85): 1, (7, 25): 2, (8, 6): 2, (8, 14): 2, (8, 72): 2, (8, 40): 2, (8, 30): 1, (8, 42): 1, (8, 44): 1, (8, 48): 1, (8, 70): 1, (8, 86): 1, (9, 2): 1, (9, 89): 2, (9, 22): 1, (9, 33): 1, (9, 61): 1, (10, 0): 1, (10, 49): 2, (10, 74): 2, (10, 98): 1, (10, 50): 2, (10, 16): 1, (10, 27): 1, (11, 65): 2, (11, 67): 1, (11, 35): 2, (11, 99): 1, (12, 98): 1, (12, 74): 1, (12, 50): 1, (12, 86): 1, (12, 28): 1, (13, 83): 2, (13, 90): 2, (13, 93): 2, (13, 73): 2, (13, 64): 1, (14, 6): 2, (14, 8): 2, (14, 72): 2, (14, 40): 2, (14, 70): 1, (14, 86): 1, (15, 71): 2, (15, 87): 2, (15, 79): 2, (15, 33): 2, (15, 89): 1, (15, 91): 1, (16, 38): 2, (16, 78): 1, (16, 84): 1, (16, 10): 1, (16, 82): 1, (17, 97): 2, (17, 41): 2, (17, 19): 1, (17, 43): 1, (17, 31): 1, (17, 47): 1, (17, 55): 1, (17, 85): 1, (17, 94): 1, (18, 2): 1, (18, 32): 2, (18, 62): 2, (18, 93): 1, (18, 72): 1, (18, 50): 1, (18, 80): 1, (19, 17): 1, (19, 33): 2, (19, 43): 2, (19, 22): 2, (19, 57): 2, (19, 53): 1, (20, 58): 2, (20, 92): 1, (20, 2): 1, (20, 61): 1, (21, 1): 2, (21, 51): 2, (21, 75): 1, (21, 63): 2, (21, 56): 1, (22, 5): 1, (22, 9): 1, (22, 19): 2, (22, 57): 2, (22, 43): 2, (22, 33): 1, (22, 92): 1, (23, 3): 2, (23, 59): 2, (23, 77): 2, (23, 99): 2, (23, 29): 1, (23, 46): 1, (23, 61): 1, (23, 78): 1, (24, 78): 1, (24, 42): 1, (24, 29): 1, (24, 99): 1, (25, 7): 2, (25, 82): 2, (25, 76): 1, (25, 80): 1, (26, 42): 2, (26, 96): 1, (26, 92): 2, (26, 57): 1, (26, 38): 1, (26, 54): 1, (26, 58): 1, (26, 84): 1, (27, 7): 2, (27, 49): 2, (27, 10): 1, (27, 74): 1, (27, 28): 1, (28, 76): 1, (28, 69): 1, (28, 27): 1, (28, 12): 1, (29, 24): 1, (29, 79): 2, (29, 71): 1, (29, 61): 1, (29, 23): 1, (30, 44): 1, (30, 6): 1, (30, 8): 1, (30, 53): 1, (31, 17): 1, (31, 67): 1, (31, 97): 1, (31, 85): 1, (32, 18): 2, (32, 39): 2, (32, 90): 1, (32, 36): 1, (32, 64): 1, (33, 5): 1, (33, 9): 1, (33, 15): 2, (33, 19): 2, (33, 22): 1, (33, 79): 2, (33, 71): 2, (33, 91): 1, (34, 37): 2, (34, 81): 2, (34, 69): 1, (34, 62): 1, (35, 11): 2, (35, 67): 1, (35, 99): 1, (35, 65): 1, (35, 47): 1, (36, 32): 1, (36, 62): 2, (36, 39): 1, (36, 73): 1, (36, 70): 1, (37, 1): 1, (37, 34): 2, (37, 95): 2, (37, 81): 1, (37, 75): 2, (37, 69): 1, (38, 16): 2, (38, 26): 1, (38, 42): 1, (38, 96): 1, (38, 60): 1, (39, 32): 2, (39, 36): 1, (39, 93): 1, (39, 73): 1, (39, 90): 2, (39, 83): 1, (40, 6): 1, (40, 8): 2, (40, 14): 2, (40, 72): 2, (40, 67): 1, (40, 42): 1, (41, 17): 2, (41, 97): 2, (41, 85): 2, (41, 94): 2, (41, 55): 1, (42, 4): 1, (42, 24): 1, (42, 26): 2, (42, 38): 1, (42, 96): 2, (42, 40): 1, (42, 8): 1, (42, 52): 1, (42, 84): 1, (43, 5): 1, (43, 17): 1, (43, 19): 2, (43, 22): 2, (43, 96): 2, (43, 57): 1, (44, 30): 1, (44, 98): 2, (44, 74): 1, (44, 8): 1, (44, 48): 1, (44, 46): 1, (45, 4): 2, (45, 57): 2, (45, 96): 2, (45, 87): 2, (45, 54): 1, (46, 77): 1, (46, 23): 1, (46, 3): 1, (46, 44): 1, (47, 35): 1, (47, 57): 1, (47, 61): 1, (47, 17): 1, (48, 44): 1, (48, 74): 2, (48, 98): 2, (48, 6): 1, (48, 8): 1, (48, 80): 1, (48, 86): 1, (49, 0): 1, (49, 7): 2, (49, 10): 2, (49, 27): 2, (49, 85): 2, (50, 10): 2, (50, 12): 1, (50, 98): 2, (50, 74): 2, (50, 18): 1, (50, 68): 1, (50, 80): 1, (51, 21): 2, (51, 63): 2, (51, 1): 1, (51, 75): 1, (51, 56): 1, (51, 88): 1, (52, 84): 2, (52, 54): 1, (52, 42): 1, (52, 96): 1, (53, 30): 1, (53, 99): 1, (53, 19): 1, (53, 61): 2, (53, 67): 1, (53, 65): 1, (54, 52): 1, (54, 84): 2, (54, 26): 1, (54, 45): 1, (54, 96): 1, (55, 97): 2, (55, 94): 2, (55, 41): 1, (55, 17): 1, (56, 88): 2, (56, 51): 1, (56, 1): 1, (56, 21): 1, (57, 4): 1, (57, 5): 1, (57, 19): 2, (57, 22): 2, (57, 26): 1, (57, 43): 1, (57, 45): 2, (57, 47): 1, (57, 87): 2, (57, 89): 1, (57, 92): 1, (57, 96): 1, (58, 20): 2, (58, 92): 1, (58, 26): 1, (58, 4): 1, (59, 3): 2, (59, 23): 2, (59, 77): 2, (59, 99): 1, (59, 67): 1, (59, 76): 1, (59, 78): 1, (60, 38): 1, (60, 2): 1, (60, 89): 1, (60, 92): 1, (61, 9): 1, (61, 20): 1, (61, 29): 1, (61, 47): 1, (61, 53): 2, (61, 23): 1, (61, 3): 1, (61, 99): 1, (61, 65): 1, (62, 18): 2, (62, 34): 1, (62, 36): 2, (62, 66): 2, (62, 73): 1, (63, 21): 2, (63, 51): 2, (63, 75): 1, (63, 1): 1, (64, 89): 1, (64, 32): 1, (64, 13): 1, (64, 90): 1, (65, 11): 2, (65, 35): 1, (65, 53): 1, (65, 67): 1, (65, 61): 1, (66, 62): 2, (66, 73): 2, (66, 93): 2, (66, 90): 2, (67, 11): 1, (67, 31): 1, (67, 35): 1, (67, 40): 1, (67, 53): 1, (67, 65): 1, (67, 77): 2, (67, 99): 1, (67, 72): 2, (67, 59): 1, (67, 76): 1, (68, 76): 1, (68, 50): 1, (68, 88): 1, (68, 99): 1, (69, 28): 1, (69, 34): 1, (69, 81): 2, (69, 95): 2, (69, 75): 2, (69, 37): 1, (69, 80): 1, (70, 0): 1, (70, 36): 1, (70, 14): 1, (70, 72): 1, (70, 6): 1, (70, 8): 1, (71, 15): 2, (71, 29): 1, (71, 33): 2, (71, 79): 2, (71, 91): 2, (72, 6): 1, (72, 8): 2, (72, 14): 2, (72, 18): 1, (72, 40): 2, (72, 67): 2, (72, 70): 1, (72, 86): 1, (73, 13): 2, (73, 36): 1, (73, 39): 1, (73, 62): 1, (73, 66): 2, (73, 93): 2, (73, 83): 2, (74, 0): 1, (74, 10): 2, (74, 12): 1, (74, 27): 1, (74, 44): 1, (74, 48): 2, (74, 50): 2, (74, 98): 2, (75, 21): 1, (75, 37): 2, (75, 51): 1, (75, 63): 1, (75, 69): 2, (75, 81): 2, (75, 95): 2, (76, 25): 1, (76, 28): 1, (76, 68): 1, (76, 77): 1, (76, 59): 1, (76, 99): 1, (76, 67): 1, (77, 3): 2, (77, 23): 2, (77, 46): 1, (77, 59): 2, (77, 67): 2, (77, 76): 1, (77, 78): 1, (77, 99): 1, (78, 16): 1, (78, 24): 1, (78, 99): 2, (78, 23): 1, (78, 59): 1, (78, 77): 1, (79, 15): 2, (79, 29): 2, (79, 33): 2, (79, 71): 2, (79, 91): 1, (80, 25): 1, (80, 50): 1, (80, 48): 1, (80, 18): 1, (80, 69): 1, (80, 82): 1, (80, 88): 1, (81, 1): 1, (81, 34): 2, (81, 37): 1, (81, 69): 2, (81, 75): 2, (81, 95): 2, (82, 25): 2, (82, 16): 1, (82, 80): 1, (82, 95): 1, (83, 13): 2, (83, 73): 2, (83, 93): 2, (83, 39): 1, (84, 16): 1, (84, 52): 2, (84, 54): 2, (84, 26): 1, (84, 42): 1, (85, 7): 1, (85, 31): 1, (85, 41): 2, (85, 49): 2, (85, 97): 1, (85, 17): 1, (86, 12): 1, (86, 48): 1, (86, 8): 1, (86, 14): 1, (86, 72): 1, (87, 15): 2, (87, 45): 2, (87, 57): 2, (87, 89): 2, (88, 56): 2, (88, 68): 1, (88, 51): 1, (88, 1): 1, (88, 80): 1, (89, 2): 1, (89, 9): 2, (89, 60): 1, (89, 64): 1, (89, 87): 2, (89, 15): 1, (89, 57): 1, (90, 13): 2, (90, 32): 1, (90, 39): 2, (90, 64): 1, (90, 66): 2, (90, 93): 1, (91, 71): 2, (91, 15): 1, (91, 79): 1, (91, 33): 1, (92, 2): 2, (92, 20): 1, (92, 26): 2, (92, 58): 1, (92, 60): 1, (92, 57): 1, (92, 22): 1, (93, 13): 2, (93, 18): 1, (93, 39): 1, (93, 66): 2, (93, 73): 2, (93, 83): 2, (93, 90): 1, (94, 41): 2, (94, 55): 2, (94, 97): 2, (94, 17): 1, (95, 1): 1, (95, 37): 2, (95, 69): 2, (95, 75): 2, (95, 81): 2, (95, 82): 1, (96, 4): 1, (96, 26): 1, (96, 38): 1, (96, 42): 2, (96, 43): 2, (96, 45): 2, (96, 52): 1, (96, 54): 1, (96, 57): 1, (97, 17): 2, (97, 31): 1, (97, 41): 2, (97, 55): 2, (97, 85): 1, (97, 94): 2, (98, 10): 1, (98, 12): 1, (98, 44): 2, (98, 48): 2, (98, 50): 2, (98, 74): 2, (99, 3): 2, (99, 11): 1, (99, 23): 2, (99, 24): 1, (99, 35): 1, (99, 53): 1, (99, 59): 1, (99, 61): 1, (99, 67): 1, (99, 68): 1, (99, 76): 1, (99, 78): 2, (99, 77): 1}
Partitioned graph into 10 blocks with edgecut 112.
[7, 8, 0, 3, 1, 1, 6, 9, 6, 2, 7, 3, 7, 5, 6, 2, 4, 4, 9, 1, 0, 8, 1, 3, 4, 9, 0, 7, 9, 2, 6, 4, 5, 2, 8, 3, 5, 8, 0, 5, 6, 4, 0, 1, 7, 1, 3, 2, 7, 7, 7, 8, 4, 2, 0, 4, 9, 1, 0, 3, 0, 2, 5, 8, 6, 3, 5, 6, 9, 8, 6, 2, 6, 5, 7, 8, 9, 3, 3, 2, 9, 8, 9, 5, 0, 4, 6, 1, 9, 1, 5, 2, 0, 5, 4, 8, 1, 4, 7, 3]
